5.682216266506089353e-01
5.670702138633102463e-01
5.566003248010438220e-01
5.399104258799380940e-01
5.138601829113629282e-01
4.700159919404217068e-01
4.558981654436679021e-01
4.413289496850001381e-01
4.231843183770653827e-01
4.185252664927297528e-01
4.090479940519308744e-01
4.138137625373997652e-01
4.216370213557839031e-01
5.459296801661130960e-01
4.672265548904206423e-01
4.353647708073434819e-01
4.323518296193082922e-01
8.409456239755696005e-01
8.188945202491695330e-01
5.022823724752306651e-01
5.163977794943221955e-01
6.355482425649928713e-01
8.811756852270119511e-01
5.495095852792064584e-01
5.542468245138262306e-01
5.647603459574804807e-01
5.750816935430704824e-01
5.852210352770301771e-01
5.896714494535525430e-01
5.984730024324597109e-01
6.156987634551993605e-01
6.135719910778963948e-01
8.124842884353200567e-01
8.463686367541307654e-01
5.693707109923619170e-01
8.307804032542971395e-01
8.826578993700002762e-01
6.092961759812377531e-01
5.728041333330257112e-01
5.951876729344046657e-01
6.039088361275575245e-01
5.918841080698322710e-01
6.283082379135780382e-01
5.682216266506089353e-01
6.293476236330355356e-01
6.355482425649928713e-01
6.537973542254180703e-01
9.231942275054293434e-01
6.869464497590778151e-01
7.066444687597562835e-01
7.185679294826938790e-01
7.258080914545628204e-01
7.311911671210320485e-01
7.453559924999297870e-01
5.818608867274616125e-01
7.635486467460421700e-01
7.712141348743974945e-01
7.804808305124384393e-01
7.921180343813394309e-01
7.970533969860856827e-01
8.052117815034101067e-01
8.124842884353200567e-01
8.220808922874027758e-01
9.372466978064097898e-01
8.268374270187304198e-01
8.292054626848555099e-01
8.323523637957302990e-01
8.370505329854595056e-01
8.378309998524317015e-01
8.370505329854595056e-01
8.494519571176349926e-01
8.486821772068132708e-01
8.517571227048420512e-01
6.049901419820200577e-01
8.563488385776751866e-01
8.639474687492115779e-01
7.383075505612050060e-01
8.662140597944718579e-01
8.662140597944718579e-01
7.978729893846153720e-01
6.406695843723730910e-01
8.624330986651674857e-01
8.631906158060839163e-01
8.729785239443029754e-01
8.774591959304295363e-01
8.707295416146869638e-01
8.729785239443029754e-01
8.826578993700002762e-01
8.140915784106943498e-01
8.148940345724096090e-01
8.011429743556870431e-01
8.722295074838330997e-01
8.100673739429316011e-01
8.555852638929971610e-01
7.986917407435900618e-01
8.540560664885428199e-01
8.684747353913480072e-01
8.639474687492115779e-01
7.505988894279403967e-01
8.268374270187304198e-01
7.112540705972630883e-01
8.252549615930744320e-01
8.789476774005624549e-01
8.593963529729853335e-01
7.720611577929231695e-01
8.804336424131067318e-01
8.276275250747995305e-01
8.220808922874027758e-01
9.060436152193439563e-01
8.870896823744278681e-01
8.362693377308283438e-01
7.686674659451995240e-01
8.164965809277260345e-01
8.692269873603531982e-01
8.601565444997506527e-01
8.188945202491695330e-01
6.812138339623611261e-01
7.592566023652965734e-01
7.695172920377409964e-01
6.831300510639731760e-01
8.124842884353200567e-01
8.409456239755696005e-01
6.656855525711525834e-01
6.135719910778963948e-01
6.792922114206315642e-01
6.028255907063481134e-01
7.444785866719552114e-01
5.705174809577979733e-01
6.656855525711525834e-01
6.812138339623611261e-01
5.896714494535525430e-01
5.852210352770301771e-01
5.962847939999439406e-01
5.739440431835514111e-01
5.659164584181103352e-01
5.918841080698322710e-01
5.940885257860045732e-01
6.060695186510443033e-01
6.447373686314482599e-01
6.587768424167437242e-01
6.567895774291853117e-01
6.821726153432010609e-01
7.185679294826938790e-01
6.850409080862499556e-01
7.285046013913474283e-01
7.249070258167121805e-01
7.047921864945658754e-01
5.624409918214050563e-01
5.423261445466404096e-01
5.705174809577979733e-01
5.896714494535525430e-01
6.017403952436414238e-01
5.728041333330257112e-01
5.750816935430704824e-01
6.178182146920150331e-01
6.049901419820200577e-01
6.082225254977620121e-01
6.355482425649928713e-01
6.365758070881539776e-01
6.262242910851494315e-01
6.507913734559684915e-01
6.467616667635546213e-01
6.416889479197478430e-01
6.507913734559684915e-01
6.416889479197478430e-01
6.467616667635546213e-01
6.497862896539309263e-01
5.518832878414536847e-01
5.338233043446473092e-01
5.301374837096382020e-01
5.163977794943221955e-01
5.074606781508110842e-01
4.917622040778216741e-01
4.823688822489397565e-01
6.376017155814578397e-01
6.060695186510443033e-01
4.472135954999579277e-01
6.262242910851494315e-01
5.374838498865700531e-01
5.301374837096382020e-01
5.214359259166951865e-01
5.125866736847688454e-01
6.812138339623611261e-01
6.365758070881539776e-01
5.601120336112038745e-01
4.996730957479891266e-01
6.715507368448513370e-01
4.368634491492900951e-01
5.929873412882475936e-01
5.338233043446473092e-01
5.301374837096382020e-01
5.125866736847688454e-01
7.754399973837329263e-01
7.888106377466155283e-01
4.262620630612449779e-01
6.220354528281836215e-01
8.043996665398437385e-01
8.132883304810981651e-01
4.472135954999579277e-01
5.325975316493254397e-01
5.226878747197843955e-01
5.138601829113629282e-01
5.048781642974012884e-01
4.983633343976013319e-01
4.837219533002147798e-01
4.837219533002147798e-01
4.727889717037675466e-01
4.630108907653471828e-01
4.630108907653471828e-01
4.457497172825983234e-01
4.338609156373123277e-01
4.383570037596046798e-01
4.262620630612449779e-01
4.122312949338948762e-01
3.960590171906697154e-01
3.894020890135344026e-01
3.877199986918664631e-01
3.722392933359776057e-01
3.687108791699814092e-01
4.042260417272216522e-01
