2.763381589436102814e+01 4.533672920168606169e+01 3.367871312125249972e+01
2.554285738206469603e+01 4.632348711662580598e+01 3.463438289093517852e+01
2.483038181114154597e+01 4.433996751989561602e+01 3.591537369111544820e+01
2.162420998364290980e+01 4.370850954140588129e+01 3.726725550372501772e+01
1.895945286645684646e+01 4.326644372088870227e+01 3.597434646455914020e+01
1.377958420954903751e+01 3.921881659640880002e+01 3.656889655611090717e+01
1.251434219479563836e+01 3.754302658438691509e+01 3.645482291527424934e+01
1.117342100629999635e+01 3.352026301889998905e+01 3.854830247173499203e+01
9.229050905966953877e+00 3.172486248926140462e+01 3.806983498711368696e+01
8.722121002609053875e+00 2.965521140887078388e+01 3.954028187849438325e+01
7.091424071376828842e+00 2.836569628550731537e+01 4.018473640446869410e+01
7.034234849551202373e+00 2.930931187313001018e+01 4.044685038491941498e+01
7.518718722374810426e+00 2.949651191085502333e+01 4.164213446238356653e+01
2.497386759086377950e+01 4.222853974455148318e+01 3.632562558671095587e+01
1.331933612773948461e+01 3.249918015168434238e+01 4.315464905387592864e+01
7.340257979504534624e+00 3.161957283478876590e+01 4.291227741864189227e+01
7.947074385329683466e+00 3.065300120055735178e+01 4.257361277855187609e+01
2.672113517210430800e+01 3.181087520488608078e+01 2.751640705222645877e+01
3.187456443614616219e+01 3.422893567290695671e+01 2.680361100312291001e+01
1.244294068811923282e+01 3.334708104415954466e+01 5.026948038000170271e+01
1.354086217415897764e+01 3.385215543539744942e+01 5.126183537360184772e+01
3.972524156041577470e+01 4.336975913476585021e+01 2.952059235223557820e+01
2.388368726937059705e+01 2.483428178755450233e+01 2.186367391822980011e+01
1.531667410050697953e+01 3.423727151878031094e+01 5.450934018121601810e+01
1.515560796652990838e+01 3.387724133694920425e+01 5.571914693577171818e+01
1.566862754553070225e+01 3.394869301531652184e+01 5.658115502552753640e+01
1.657181395182024986e+01 3.441838282301129226e+01 5.651413475877162540e+01
1.742071651836473123e+01 3.442665407200649241e+01 5.682471816704686773e+01
1.764412767349724120e+01 3.446759824590158416e+01 5.703566852595619707e+01
1.927329588324193566e+01 3.533437578594354278e+01 5.541072566432055879e+01
2.036796553687443279e+01 3.535571376212165973e+01 5.572367929899609607e+01
2.279925252640411415e+01 3.593780482975563473e+01 5.255420921340608942e+01
3.112760811973686970e+01 3.187767096599559125e+01 3.169015525443090908e+01
2.703911993127298530e+01 2.888269629022341434e+01 2.826817083723993917e+01
3.703411885465687448e+01 3.918726529969506345e+01 3.057467951954230401e+01
3.045952741422651400e+01 3.113640580120932810e+01 2.775201386629526823e+01
2.428981483040994149e+01 2.335107802536994370e+01 2.229499911969994841e+01
2.539574856121954483e+01 3.438193651365107684e+01 5.118220094645785423e+01
2.178698920001568951e+01 3.289408173335701946e+01 5.254509160003783563e+01
2.226467798860774394e+01 3.359942314644441552e+01 5.384003949972417757e+01
2.218110517685677863e+01 3.406384009303005200e+01 5.426448945052462136e+01
2.407883762387989535e+01 3.468985081406425763e+01 5.060637059934079929e+01
2.304488924935816030e+01 3.531071739821008748e+01 5.389530550253118690e+01
2.849737264105981183e+01 3.756471848139702274e+01 4.058716709484276208e+01
2.298044733475179768e+01 3.595328050759555083e+01 5.337394219684288288e+01
3.680962750093571856e+01 4.008969331785078083e+01 3.571627222863070017e+01
2.458038784999531856e+01 3.738988574365485107e+01 5.123799157463812293e+01
1.674365840381640425e+01 1.674365840381640425e+01 1.659004685882726093e+01
2.379206981831008605e+01 3.819253312939250833e+01 5.102772868927031880e+01
2.405515356169998498e+01 3.813621906123168515e+01 4.987044031084143114e+01
2.420315806448832774e+01 3.771189744931901799e+01 4.925061234052856918e+01
2.412888795199847181e+01 3.811267528781576885e+01 4.825777590399694361e+01
2.392398612622814724e+01 3.843966310169241751e+01 4.757916341957732698e+01
2.368189269750653025e+01 3.870588914001066883e+01 4.583592135001264012e+01
3.512368551489322499e+01 4.139577221398130291e+01 3.177857260871291700e+01
2.388158667864973950e+01 3.806866787388720752e+01 4.350704899872823717e+01
2.448008756843946898e+01 3.729209601547320574e+01 4.232538504823646264e+01
2.436662781311933301e+01 3.709873964339790575e+01 4.083056552468644895e+01
2.390642604614596678e+01 3.617146201764693814e+01 3.970545543316416826e+01
2.394769915564188878e+01 3.592154873346283495e+01 3.876280117565763561e+01
2.395895087508055710e+01 3.486709111088958934e+01 3.778891438833844063e+01
2.400201108027903274e+01 3.431537521633642740e+01 3.637804804354790633e+01
2.384116043348802805e+01 3.327087314225568093e+01 3.487214511166905595e+01
1.418224629575138707e+01 1.411949299355779708e+01 1.386847978478343713e+01
2.355010992545266291e+01 3.290088886644122113e+01 3.411302687731010508e+01
2.288646800022936034e+01 3.279255116450774210e+01 3.415890746302889625e+01
2.330302143239348922e+01 3.218834615121978260e+01 3.336187960464967261e+01
2.330177378307929104e+01 3.112334819977723299e+01 3.291579233693718010e+01
2.367667402154497225e+01 3.113644802833311331e+01 3.227163102936609107e+01
2.379062218412291330e+01 3.144924713380631687e+01 3.210104500186447751e+01
2.318439860388421181e+01 2.950741640494354101e+01 3.041070466223773039e+01
2.269767341897800961e+01 2.980961109025778555e+01 3.086883584981009321e+01
2.282940310345432522e+01 2.950033258173643347e+01 2.994506121362190498e+01
2.844070977729455763e+01 4.187104494990587256e+01 4.029100551783395190e+01
2.255323234330499460e+01 2.873023228446496091e+01 2.930483693015426283e+01
2.231261512512930167e+01 2.748261131265926238e+01 2.789076890641162620e+01
3.244986373041057703e+01 3.846879006750286578e+01 3.820709761806406846e+01
2.207468013391214257e+01 2.715854586172221374e+01 2.755990368233879906e+01
2.207468013391214257e+01 2.715854586172221374e+01 2.755990368233879906e+01
2.708501942246153860e+01 3.517009984707692638e+01 3.618073490015385119e+01
2.946509408146540565e+01 4.419764112219810670e+01 3.916701530341133264e+01
2.256097181891253101e+01 2.778851406963616810e+01 2.792608097097100028e+01
2.229992962360832109e+01 2.804592375975279595e+01 2.763549560717104825e+01
2.133960797735710102e+01 2.629344554352928398e+01 2.642046701958498289e+01
2.083193669182697860e+01 2.548848724647065467e+01 2.585610965867936883e+01
2.184670746711790201e+01 2.650044396898917398e+01 2.662971442737448413e+01
2.133960797735710102e+01 2.629344554352928398e+01 2.642046701958498289e+01
2.100423601276995100e+01 2.487652533355993967e+01 2.405513062914994293e+01
2.732853797362793102e+01 3.420714957243224319e+01 3.271988219971779444e+01
2.628504709071783552e+01 3.442970956953180917e+01 3.331907377696627037e+01
2.724341251327087576e+01 3.619197866726495505e+01 3.420340841082182948e+01
2.338200013045854320e+01 2.695957392091121463e+01 2.402085259303937903e+01
2.829996128250319032e+01 3.456773794238645081e+01 3.247847905575869731e+01
2.714997038811653240e+01 2.960502090193558189e+01 2.411726092986947378e+01
2.898838933292303111e+01 3.583287014764096767e+01 3.341717103656404930e+01
2.437263689641335063e+01 2.933473063580289164e+01 2.772934736717686377e+01
2.301692130651409940e+01 2.709420450938231184e+01 2.577895186329579147e+01
2.408129803138955083e+01 2.734655878140847207e+01 2.625813853140216381e+01
3.017753437921921034e+01 4.040297991267365774e+01 3.691136436466481996e+01
2.580122337420916878e+01 3.376670173134756681e+01 3.099610056364725352e+01
2.800835515206548010e+01 4.475561905742421942e+01 3.898070046936948074e+01
2.411481530015572972e+01 3.494900768138511182e+01 3.197834202846737739e+01
2.021573787410606826e+01 2.578414471368019889e+01 2.554204006848132025e+01
2.291839446540339154e+01 2.896435128756502309e+01 2.755831481729487464e+01
2.644090569602091279e+01 4.034517507065260133e+01 3.715403127975352504e+01
2.008714807459806906e+01 2.570676688118205178e+01 2.510893509324758810e+01
2.464926391430366692e+01 3.309551518563849015e+01 3.257839776086289163e+01
2.437491775662581972e+01 3.522798332709425040e+01 3.238127760369269481e+01
1.813358226266661788e+01 2.048249188218301597e+01 2.038853549740236204e+01
2.145296034885870640e+01 2.359825638374457668e+01 2.292079447799114433e+01
2.636063662533663532e+01 3.143628715568095799e+01 2.979898053298924054e+01
2.845390168874045855e+01 3.932653078931608093e+01 3.678187291471327569e+01
2.807602311805791828e+01 3.376462910929841144e+01 3.174609149950339670e+01
2.340836926249677674e+01 2.693924060376724228e+01 2.523919143945183308e+01
2.139604869153815159e+01 2.908743874405186602e+01 2.866790837755111454e+01
2.752803292212622921e+01 3.368561923365446376e+01 3.169345895639533239e+01
3.155983043772624796e+01 4.526763557734471988e+01 3.634162292829083185e+01
3.851894362155255180e+01 4.405604176715072384e+01 2.359285296820093691e+01
2.904082120324463290e+01 3.941254306154628750e+01 3.595530244211240500e+01
3.422195448509089744e+01 4.562927264678786088e+01 3.327134463828281952e+01
3.056506098504283031e+01 3.487792235103047034e+01 2.925245100409006938e+01
2.624397204403101469e+01 3.196992958091050951e+01 2.783451580427531979e+01
3.042261471602511591e+01 4.546676485032325132e+01 3.744321811203091244e+01
2.318568053532621676e+01 4.675778907957453612e+01 4.134779695466508542e+01
1.699751279470652676e+01 4.425767482395284702e+01 5.195466174985768504e+01
2.025589487397624566e+01 4.567505706876996641e+01 4.448353384088900953e+01
3.960581906584694423e+01 3.756164775922258059e+01 3.117361242602146376e+01
3.392911900433396255e+01 3.994187427092478515e+01 3.307015396624955628e+01
3.109124361088280963e+01 4.546676485032325132e+01 3.677458921717321516e+01
2.805318261131222002e+01 4.590520790941999962e+01 3.921069842262958360e+01
1.107887086475408189e+01 4.431548345901632757e+01 5.375304012158461830e+01
1.078425308279721584e+01 4.313701233118886336e+01 5.475082334343201751e+01
1.170774097400162539e+01 4.440867266000616809e+01 5.369412239800745823e+01
1.022534296359476613e+01 4.473587546572710494e+01 5.240488268842317865e+01
9.549837914801573291e+00 4.557877186609841402e+01 5.122185790666298288e+01
1.305970854176536733e+01 4.693332757196928640e+01 4.938202292355029499e+01
1.298916717484785366e+01 4.830346543146545457e+01 4.830346543146545457e+01
1.457542780991136055e+01 5.002917113131737636e+01 4.608986631782781984e+01
1.847365683116468915e+01 5.009203102296579857e+01 4.440782892106896895e+01
1.910849682466235322e+01 5.186591995265495569e+01 4.231167154032377908e+01
2.024941493167806783e+01 5.182477380819301516e+01 4.118525070849776171e+01
2.193008954131912702e+01 5.085238154508783026e+01 4.036407785141346238e+01
2.364029392345371505e+01 4.896918027001126461e+01 3.855619366087093880e+01
2.425185007735875331e+01 5.070841379811376015e+01 3.811005012156375216e+01
2.552056746921333996e+01 4.832618095234015954e+01 3.638038341355944283e+01
2.585873957322905525e+01 4.869145643044194571e+01 3.603717961801070402e+01
2.804474228301624095e+01 4.900449704190206290e+01 3.512972980714665994e+01
1.837747834350098941e+01 4.900660891600263369e+01 3.850519271971635504e+01
1.647625879632094481e+01 4.851342867805611547e+01 3.798693000262884567e+01
2.018567839498349414e+01 4.810204213272662344e+01 3.865342671379818285e+01
1.928544187568303059e+01 5.006008316666658686e+01 3.980186940300540499e+01
1.871820142354885164e+01 5.137548901357025954e+01 4.022422008039221453e+01
1.751503053334594640e+01 5.040911226670296941e+01 3.930201973336163235e+01
1.657181395182024986e+01 5.141511508128846941e+01 3.951740250049444825e+01
1.910908926539924835e+01 5.121235923126998557e+01 4.127563281326237643e+01
1.896047318486303723e+01 5.135128154233738940e+01 4.029100551783395190e+01
1.958887372511189895e+01 5.053929421078870377e+01 4.074485734823274896e+01
1.968039490149038429e+01 5.138769779833600637e+01 4.154750034759081245e+01
1.962490641723968565e+01 5.087938700765844402e+01 4.215720637777413771e+01
1.906256115465738077e+01 5.008594499458997973e+01 4.298420652520781715e+01
1.955568308646576270e+01 5.098445947542860068e+01 4.260345243837184626e+01
1.801515499505871531e+01 5.157279665252102774e+01 4.344831498808277814e+01
1.827386365609286045e+01 5.123848044747605712e+01 4.335563730171050878e+01
1.850805720683366928e+01 5.133366810197263419e+01 4.330186969145990616e+01
1.827386365609286045e+01 5.123848044747605712e+01 4.335563730171050878e+01
1.730867832858582389e+01 5.121955831928458025e+01 4.450802998779212061e+01
1.856132664834166235e+01 5.078098800018001668e+01 4.377671379325863654e+01
3.360875341189097298e+01 3.584933697268370167e+01 3.495310354836661304e+01
3.263236869587468902e+01 3.496325217415144948e+01 3.403089878284074388e+01
3.242051362403496739e+01 3.476982620548677261e+01 3.383010117290604768e+01
3.143414433286905663e+01 3.385215543539744942e+01 3.336855321489176873e+01
3.102997727649890081e+01 3.349267388574484983e+01 3.250759524204647022e+01
3.049426775533070000e+01 3.201898114309723553e+01 3.151074334717505465e+01
3.209312930056573521e+01 3.312839153606785203e+01 2.691681812305512977e+01
3.877661643278401016e+01 3.950141300162109559e+01 3.442783701976150468e+01
3.821125669084869969e+01 3.899911765354661242e+01 3.348409091466123755e+01
2.763932022500210550e+01 2.874489303400218887e+01 2.819210662950214896e+01
1.719368261008312615e+01 4.896461786784542625e+01 4.597441219652662170e+01
3.283864665805352701e+01 3.515122740862067729e+01 3.422619510839381718e+01
3.242051362403496739e+01 3.476982620548677261e+01 3.383010117290604768e+01
3.206379296358142028e+01 3.397804925991464131e+01 3.349948518583133961e+01
3.119445288417479389e+01 3.363151951575095211e+01 3.314410618943571762e+01
3.697919526036611160e+01 3.825433992451666398e+01 3.793555375847902411e+01
3.706926767700829117e+01 3.779611606283198455e+01 3.779611606283198455e+01
3.475114934471489647e+01 3.563092527749248717e+01 3.519103731110369182e+01
3.102026806362467326e+01 3.252124877638070899e+01 3.202092187212869590e+01
3.974236084177298522e+01 4.105615789439358565e+01 3.251647705235971841e+01
2.646741788998336631e+01 2.815682754253549547e+01 2.759369099168478456e+01
1.587349368975834452e+01 4.639944309313977300e+01 4.721346841056328003e+01
3.263236869587468902e+01 3.496325217415144948e+01 3.403089878284074388e+01
3.242051362403496739e+01 3.476982620548677261e+01 3.383010117290604768e+01
3.119445288417479389e+01 3.363151951575095211e+01 3.314410618943571762e+01
3.413312039767259876e+01 3.458224040290512846e+01 3.458224040290512846e+01
3.294554051152798024e+01 3.400148732279490105e+01 3.357910859828812988e+01
2.581820716224397216e+01 2.696568303612148298e+01 2.696568303612148298e+01
3.666256107566618994e+01 3.779645471718163918e+01 3.741849017000981803e+01
3.207845468746563000e+01 3.246965535438594230e+01 3.227405502092578615e+01
3.118084880965660588e+01 3.174098381821331216e+01 3.155427214869440888e+01
2.763932022500210550e+01 2.874489303400218887e+01 2.819210662950214896e+01
1.448947651887091226e+01 4.113141721485936131e+01 4.580544189836610514e+01
1.431936375840646747e+01 4.057153064881832449e+01 4.486733977634026616e+01
1.409805469557047530e+01 4.034960481835688029e+01 4.375258353797733690e+01
1.386341139967276348e+01 3.960974685620789870e+01 4.307559970612609135e+01
1.304255330566236637e+01 3.862602325138470150e+01 4.364238990740869184e+01
1.239067312079484395e+01 3.768829740908431347e+01 4.233479982938238351e+01
1.239067312079484395e+01 3.768829740908431347e+01 4.233479982938238351e+01
1.265306467910957977e+01 3.690477198073627108e+01 4.059524917880990103e+01
1.127677129392770894e+01 3.651525942795639423e+01 4.027418319259896151e+01
1.181376040316236242e+01 3.544128120948708727e+01 4.081117230183361499e+01
9.976505088913228292e+00 3.436351752847890140e+01 3.990602035565291317e+01
1.075664260289106622e+01 3.340220597739857311e+01 3.736517956793738904e+01
1.067121692856751025e+01 3.257529378194292491e+01 3.931500973682766897e+01
9.753544927958834876e+00 3.212932446857027458e+01 3.786670383795782868e+01
9.404299281057681981e+00 3.115174136850357201e+01 3.585389100903240944e+01
7.247291793711963415e+00 3.019704914046651467e+01 3.502857700294115517e+01
7.937772842824053043e+00 2.930869972735035134e+01 3.358288510425560958e+01
7.959640017005735757e+00 3.000172006409854220e+01 3.245084006933107901e+01
8.160889186632291015e+00 2.762147109321698579e+01 3.076027462653709676e+01
8.206758570790242402e+00 2.777672131652082044e+01 2.967058867901087638e+01
1.251125312372834486e+01 2.978869791363891650e+01 3.217179374673003167e+01
